start=1327.842189
pause=yes
volume=85.000000
sub-scale=0.900000
