start=1347.345583
volume=40.000000
fullscreen=yes
